4 5 6 8 9 18 1
4 5 6 8 9 18 3
4 5 6 8 9 18 11
4 5 6 8 9 18 15
4 5 6 8 9 27 1
4 5 6 8 9 27 3
4 5 6 8 9 27 11
4 5 6 8 9 27 15
4 5 6 8 9 32 1
4 5 6 8 9 32 3
4 5 6 8 9 32 11
4 5 6 8 9 32 15
4 5 6 8 9 33 1
4 5 6 8 9 33 3
4 5 6 8 9 33 11
4 5 6 8 9 33 15
4 5 6 8 22 27 1
4 5 6 8 22 27 3
4 5 6 8 22 27 11
4 5 6 8 22 27 15
4 5 6 8 22 32 1
4 5 6 8 22 32 3
4 5 6 8 22 32 11
4 5 6 8 22 32 15
4 5 6 8 22 33 1
4 5 6 8 22 33 3
4 5 6 8 22 33 11
4 5 6 8 22 33 15
4 5 6 8 26 27 1
4 5 6 8 26 27 3
4 5 6 8 26 27 11
4 5 6 8 26 27 15
4 5 6 8 26 32 1
4 5 6 8 26 32 3
4 5 6 8 26 32 11
4 5 6 8 26 32 15
4 5 6 8 26 33 1
4 5 6 8 26 33 3
4 5 6 8 26 33 11
4 5 6 8 26 33 15
4 5 6 8 32 33 1
4 5 6 8 32 33 3
4 5 6 8 32 33 11
4 5 6 8 32 33 15
4 5 6 15 22 27 1
4 5 6 15 22 27 3
4 5 6 15 22 27 11
4 5 6 15 22 27 15
4 5 6 15 22 32 1
4 5 6 15 22 32 3
4 5 6 15 22 32 11
4 5 6 15 22 32 15
4 5 6 15 22 33 1
4 5 6 15 22 33 3
4 5 6 15 22 33 11
4 5 6 15 22 33 15
4 5 6 15 26 27 1
4 5 6 15 26 27 3
4 5 6 15 26 27 11
4 5 6 15 26 27 15
4 5 6 15 26 32 1
4 5 6 15 26 32 3
4 5 6 15 26 32 11
4 5 6 15 26 32 15
4 5 6 15 26 33 1
4 5 6 15 26 33 3
4 5 6 15 26 33 11
4 5 6 15 26 33 15
4 5 6 15 32 33 1
4 5 6 15 32 33 3
4 5 6 15 32 33 11
4 5 6 15 32 33 15
4 5 6 19 22 27 1
4 5 6 19 22 27 3
4 5 6 19 22 27 11
4 5 6 19 22 27 15
4 5 6 19 22 32 1
4 5 6 19 22 32 3
4 5 6 19 22 32 11
4 5 6 19 22 32 15
4 5 6 19 22 33 1
4 5 6 19 22 33 3
4 5 6 19 22 33 11
4 5 6 19 22 33 15
4 5 6 19 26 27 1
4 5 6 19 26 27 3
4 5 6 19 26 27 11
4 5 6 19 26 27 15
4 5 6 19 26 32 1
4 5 6 19 26 32 3
4 5 6 19 26 32 11
4 5 6 19 26 32 15
4 5 6 19 26 33 1
4 5 6 19 26 33 3
4 5 6 19 26 33 11
4 5 6 19 26 33 15
4 5 6 19 32 33 1
4 5 6 19 32 33 3
4 5 6 19 32 33 11
4 5 6 19 32 33 15
4 5 6 21 22 27 1
4 5 6 21 22 27 3
4 5 6 21 22 27 11
4 5 6 21 22 27 15
4 5 6 21 22 32 1
4 5 6 21 22 32 3
4 5 6 21 22 32 11
4 5 6 21 22 32 15
4 5 6 21 22 33 1
4 5 6 21 22 33 3
4 5 6 21 22 33 11
4 5 6 21 22 33 15
4 5 6 21 26 27 1
4 5 6 21 26 27 3
4 5 6 21 26 27 11
4 5 6 21 26 27 15
4 5 6 21 26 32 1
4 5 6 21 26 32 3
4 5 6 21 26 32 11
4 5 6 21 26 32 15
4 5 6 21 26 33 1
4 5 6 21 26 33 3
4 5 6 21 26 33 11
4 5 6 21 26 33 15
4 5 6 21 32 33 1
4 5 6 21 32 33 3
4 5 6 21 32 33 11
4 5 6 21 32 33 15
4 5 13 15 22 27 1
4 5 13 15 22 27 3
4 5 13 15 22 27 11
4 5 13 15 22 27 15
4 5 13 15 22 32 1
4 5 13 15 22 32 3
4 5 13 15 22 32 11
4 5 13 15 22 32 15
4 5 13 15 22 33 1
4 5 13 15 22 33 3
4 5 13 15 22 33 11
4 5 13 15 22 33 15
4 5 13 15 26 27 1
4 5 13 15 26 27 3
4 5 13 15 26 27 11
4 5 13 15 26 27 15
4 5 13 15 26 32 1
4 5 13 15 26 32 3
4 5 13 15 26 32 11
4 5 13 15 26 32 15
4 5 13 15 26 33 1
4 5 13 15 26 33 3
4 5 13 15 26 33 11
4 5 13 15 26 33 15
4 5 13 15 32 33 1
4 5 13 15 32 33 3
4 5 13 15 32 33 11
4 5 13 15 32 33 15
4 5 13 19 22 27 1
4 5 13 19 22 27 3
4 5 13 19 22 27 11
4 5 13 19 22 27 15
4 5 13 19 22 32 1
4 5 13 19 22 32 3
4 5 13 19 22 32 11
4 5 13 19 22 32 15
4 5 13 19 22 33 1
4 5 13 19 22 33 3
4 5 13 19 22 33 11
4 5 13 19 22 33 15
4 5 13 19 26 27 1
4 5 13 19 26 27 3
4 5 13 19 26 27 11
4 5 13 19 26 27 15
4 5 13 19 26 32 1
4 5 13 19 26 32 3
4 5 13 19 26 32 11
4 5 13 19 26 32 15
4 5 13 19 26 33 1
4 5 13 19 26 33 3
4 5 13 19 26 33 11
4 5 13 19 26 33 15
4 5 13 19 32 33 1
4 5 13 19 32 33 3
4 5 13 19 32 33 11
4 5 13 19 32 33 15
4 5 13 21 22 27 1
4 5 13 21 22 27 3
4 5 13 21 22 27 11
4 5 13 21 22 27 15
4 5 13 21 22 32 1
4 5 13 21 22 32 3
4 5 13 21 22 32 11
4 5 13 21 22 32 15
4 5 13 21 22 33 1
4 5 13 21 22 33 3
4 5 13 21 22 33 11
4 5 13 21 22 33 15
4 5 13 21 26 27 1
4 5 13 21 26 27 3
4 5 13 21 26 27 11
4 5 13 21 26 27 15
4 5 13 21 26 32 1
4 5 13 21 26 32 3
4 5 13 21 26 32 11
4 5 13 21 26 32 15
4 5 13 21 26 33 1
4 5 13 21 26 33 3
4 5 13 21 26 33 11
4 5 13 21 26 33 15
4 5 13 21 32 33 1
4 5 13 21 32 33 3
4 5 13 21 32 33 11
4 5 13 21 32 33 15
4 5 16 19 22 27 1
4 5 16 19 22 27 3
4 5 16 19 22 27 11
4 5 16 19 22 27 15
4 5 16 19 22 32 1
4 5 16 19 22 32 3
4 5 16 19 22 32 11
4 5 16 19 22 32 15
4 5 16 19 22 33 1
4 5 16 19 22 33 3
4 5 16 19 22 33 11
4 5 16 19 22 33 15
4 5 16 19 26 27 1
4 5 16 19 26 27 3
4 5 16 19 26 27 11
4 5 16 19 26 27 15
4 5 16 19 26 32 1
4 5 16 19 26 32 3
4 5 16 19 26 32 11
4 5 16 19 26 32 15
4 5 16 19 26 33 1
4 5 16 19 26 33 3
4 5 16 19 26 33 11
4 5 16 19 26 33 15
4 5 16 19 32 33 1
4 5 16 19 32 33 3
4 5 16 19 32 33 11
4 5 16 19 32 33 15
4 5 16 21 22 27 1
4 5 16 21 22 27 3
4 5 16 21 22 27 11
4 5 16 21 22 27 15
4 5 16 21 22 32 1
4 5 16 21 22 32 3
4 5 16 21 22 32 11
4 5 16 21 22 32 15
4 5 16 21 22 33 1
4 5 16 21 22 33 3
4 5 16 21 22 33 11
4 5 16 21 22 33 15
4 5 16 21 26 27 1
4 5 16 21 26 27 3
4 5 16 21 26 27 11
4 5 16 21 26 27 15
4 5 16 21 26 32 1
4 5 16 21 26 32 3
4 5 16 21 26 32 11
4 5 16 21 26 32 15
4 5 16 21 26 33 1
4 5 16 21 26 33 3
4 5 16 21 26 33 11
4 5 16 21 26 33 15
4 5 16 21 32 33 1
4 5 16 21 32 33 3
4 5 16 21 32 33 11
4 5 16 21 32 33 15
4 5 20 21 22 27 1
4 5 20 21 22 27 3
4 5 20 21 22 27 11
4 5 20 21 22 27 15
4 5 20 21 22 32 1
4 5 20 21 22 32 3
4 5 20 21 22 32 11
4 5 20 21 22 32 15
4 5 20 21 22 33 1
4 5 20 21 22 33 3
4 5 20 21 22 33 11
4 5 20 21 22 33 15
4 5 20 21 26 27 1
4 5 20 21 26 27 3
4 5 20 21 26 27 11
4 5 20 21 26 27 15
4 5 20 21 26 32 1
4 5 20 21 26 32 3
4 5 20 21 26 32 11
4 5 20 21 26 32 15
4 5 20 21 26 33 1
4 5 20 21 26 33 3
4 5 20 21 26 33 11
4 5 20 21 26 33 15
4 5 20 21 32 33 1
4 5 20 21 32 33 3
4 5 20 21 32 33 11
4 5 20 21 32 33 15
4 10 13 15 22 27 1
4 10 13 15 22 27 3
4 10 13 15 22 27 11
4 10 13 15 22 27 15
4 10 13 15 22 32 1
4 10 13 15 22 32 3
4 10 13 15 22 32 11
4 10 13 15 22 32 15
4 10 13 15 22 33 1
4 10 13 15 22 33 3
4 10 13 15 22 33 11
4 10 13 15 22 33 15
4 10 13 15 26 27 1
4 10 13 15 26 27 3
4 10 13 15 26 27 11
4 10 13 15 26 27 15
4 10 13 15 26 32 1
4 10 13 15 26 32 3
4 10 13 15 26 32 11
4 10 13 15 26 32 15
4 10 13 15 26 33 1
4 10 13 15 26 33 3
4 10 13 15 26 33 11
4 10 13 15 26 33 15
4 10 13 15 32 33 1
4 10 13 15 32 33 3
4 10 13 15 32 33 11
4 10 13 15 32 33 15
4 10 13 19 22 27 1
4 10 13 19 22 27 3
4 10 13 19 22 27 11
4 10 13 19 22 27 15
4 10 13 19 22 32 1
4 10 13 19 22 32 3
4 10 13 19 22 32 11
4 10 13 19 22 32 15
4 10 13 19 22 33 1
4 10 13 19 22 33 3
4 10 13 19 22 33 11
4 10 13 19 22 33 15
4 10 13 19 26 27 1
4 10 13 19 26 27 3
4 10 13 19 26 27 11
4 10 13 19 26 27 15
4 10 13 19 26 32 1
4 10 13 19 26 32 3
4 10 13 19 26 32 11
4 10 13 19 26 32 15
4 10 13 19 26 33 1
4 10 13 19 26 33 3
4 10 13 19 26 33 11
4 10 13 19 26 33 15
4 10 13 19 32 33 1
4 10 13 19 32 33 3
4 10 13 19 32 33 11
4 10 13 19 32 33 15
4 10 13 21 22 27 1
4 10 13 21 22 27 3
4 10 13 21 22 27 11
4 10 13 21 22 27 15
4 10 13 21 22 32 1
4 10 13 21 22 32 3
4 10 13 21 22 32 11
4 10 13 21 22 32 15
4 10 13 21 22 33 1
4 10 13 21 22 33 3
4 10 13 21 22 33 11
4 10 13 21 22 33 15
4 10 13 21 26 27 1
4 10 13 21 26 27 3
4 10 13 21 26 27 11
4 10 13 21 26 27 15
4 10 13 21 26 32 1
4 10 13 21 26 32 3
4 10 13 21 26 32 11
4 10 13 21 26 32 15
4 10 13 21 26 33 1
4 10 13 21 26 33 3
4 10 13 21 26 33 11
4 10 13 21 26 33 15
4 10 13 21 32 33 1
4 10 13 21 32 33 3
4 10 13 21 32 33 11
4 10 13 21 32 33 15
4 10 16 19 22 27 1
4 10 16 19 22 27 3
4 10 16 19 22 27 11
4 10 16 19 22 27 15
4 10 16 19 22 32 1
4 10 16 19 22 32 3
4 10 16 19 22 32 11
4 10 16 19 22 32 15
4 10 16 19 22 33 1
4 10 16 19 22 33 3
4 10 16 19 22 33 11
4 10 16 19 22 33 15
4 10 16 19 26 27 1
4 10 16 19 26 27 3
4 10 16 19 26 27 11
4 10 16 19 26 27 15
4 10 16 19 26 32 1
4 10 16 19 26 32 3
4 10 16 19 26 32 11
4 10 16 19 26 32 15
4 10 16 19 26 33 1
4 10 16 19 26 33 3
4 10 16 19 26 33 11
4 10 16 19 26 33 15
4 10 16 19 32 33 1
4 10 16 19 32 33 3
4 10 16 19 32 33 11
4 10 16 19 32 33 15
4 10 16 21 22 27 1
4 10 16 21 22 27 3
4 10 16 21 22 27 11
4 10 16 21 22 27 15
4 10 16 21 22 32 1
4 10 16 21 22 32 3
4 10 16 21 22 32 11
4 10 16 21 22 32 15
4 10 16 21 22 33 1
4 10 16 21 22 33 3
4 10 16 21 22 33 11
4 10 16 21 22 33 15
4 10 16 21 26 27 1
4 10 16 21 26 27 3
4 10 16 21 26 27 11
4 10 16 21 26 27 15
4 10 16 21 26 32 1
4 10 16 21 26 32 3
4 10 16 21 26 32 11
4 10 16 21 26 32 15
4 10 16 21 26 33 1
4 10 16 21 26 33 3
4 10 16 21 26 33 11
4 10 16 21 26 33 15
4 10 16 21 32 33 1
4 10 16 21 32 33 3
4 10 16 21 32 33 11
4 10 16 21 32 33 15
4 10 20 21 22 27 1
4 10 20 21 22 27 3
4 10 20 21 22 27 11
4 10 20 21 22 27 15
4 10 20 21 22 32 1
4 10 20 21 22 32 3
4 10 20 21 22 32 11
4 10 20 21 22 32 15
4 10 20 21 22 33 1
4 10 20 21 22 33 3
4 10 20 21 22 33 11
4 10 20 21 22 33 15
4 10 20 21 26 27 1
4 10 20 21 26 27 3
4 10 20 21 26 27 11
4 10 20 21 26 27 15
4 10 20 21 26 32 1
4 10 20 21 26 32 3
4 10 20 21 26 32 11
4 10 20 21 26 32 15
4 10 20 21 26 33 1
4 10 20 21 26 33 3
4 10 20 21 26 33 11
4 10 20 21 26 33 15
4 10 20 21 32 33 1
4 10 20 21 32 33 3
4 10 20 21 32 33 11
4 10 20 21 32 33 15
4 12 13 15 22 27 1
4 12 13 15 22 27 3
4 12 13 15 22 27 11
4 12 13 15 22 27 15
4 12 13 15 22 32 1
4 12 13 15 22 32 3
4 12 13 15 22 32 11
4 12 13 15 22 32 15
4 12 13 15 22 33 1
4 12 13 15 22 33 3
4 12 13 15 22 33 11
4 12 13 15 22 33 15
4 12 13 15 26 27 1
4 12 13 15 26 27 3
4 12 13 15 26 27 11
4 12 13 15 26 27 15
4 12 13 15 26 32 1
4 12 13 15 26 32 3
4 12 13 15 26 32 11
4 12 13 15 26 32 15
4 12 13 15 26 33 1
4 12 13 15 26 33 3
4 12 13 15 26 33 11
4 12 13 15 26 33 15
4 12 13 15 32 33 1
4 12 13 15 32 33 3
4 12 13 15 32 33 11
4 12 13 15 32 33 15
4 12 13 19 22 27 1
4 12 13 19 22 27 3
4 12 13 19 22 27 11
4 12 13 19 22 27 15
4 12 13 19 22 32 1
4 12 13 19 22 32 3
4 12 13 19 22 32 11
4 12 13 19 22 32 15
4 12 13 19 22 33 1
4 12 13 19 22 33 3
4 12 13 19 22 33 11
4 12 13 19 22 33 15
4 12 13 19 26 27 1
4 12 13 19 26 27 3
4 12 13 19 26 27 11
4 12 13 19 26 27 15
4 12 13 19 26 32 1
4 12 13 19 26 32 3
4 12 13 19 26 32 11
4 12 13 19 26 32 15
4 12 13 19 26 33 1
4 12 13 19 26 33 3
4 12 13 19 26 33 11
4 12 13 19 26 33 15
4 12 13 19 32 33 1
4 12 13 19 32 33 3
4 12 13 19 32 33 11
4 12 13 19 32 33 15
4 12 13 21 22 27 1
4 12 13 21 22 27 3
4 12 13 21 22 27 11
4 12 13 21 22 27 15
4 12 13 21 22 32 1
4 12 13 21 22 32 3
4 12 13 21 22 32 11
4 12 13 21 22 32 15
4 12 13 21 22 33 1
4 12 13 21 22 33 3
4 12 13 21 22 33 11
4 12 13 21 22 33 15
4 12 13 21 26 27 1
4 12 13 21 26 27 3
4 12 13 21 26 27 11
4 12 13 21 26 27 15
4 12 13 21 26 32 1
4 12 13 21 26 32 3
4 12 13 21 26 32 11
4 12 13 21 26 32 15
4 12 13 21 26 33 1
4 12 13 21 26 33 3
4 12 13 21 26 33 11
4 12 13 21 26 33 15
4 12 13 21 32 33 1
4 12 13 21 32 33 3
4 12 13 21 32 33 11
4 12 13 21 32 33 15
4 12 16 19 22 27 1
4 12 16 19 22 27 3
4 12 16 19 22 27 11
4 12 16 19 22 27 15
4 12 16 19 22 32 1
4 12 16 19 22 32 3
4 12 16 19 22 32 11
4 12 16 19 22 32 15
4 12 16 19 22 33 1
4 12 16 19 22 33 3
4 12 16 19 22 33 11
4 12 16 19 22 33 15
4 12 16 19 26 27 1
4 12 16 19 26 27 3
4 12 16 19 26 27 11
4 12 16 19 26 27 15
4 12 16 19 26 32 1
4 12 16 19 26 32 3
4 12 16 19 26 32 11
4 12 16 19 26 32 15
4 12 16 19 26 33 1
4 12 16 19 26 33 3
4 12 16 19 26 33 11
4 12 16 19 26 33 15
4 12 16 19 32 33 1
4 12 16 19 32 33 3
4 12 16 19 32 33 11
4 12 16 19 32 33 15
4 12 16 21 22 27 1
4 12 16 21 22 27 3
4 12 16 21 22 27 11
4 12 16 21 22 27 15
4 12 16 21 22 32 1
4 12 16 21 22 32 3
4 12 16 21 22 32 11
4 12 16 21 22 32 15
4 12 16 21 22 33 1
4 12 16 21 22 33 3
4 12 16 21 22 33 11
4 12 16 21 22 33 15
4 12 16 21 26 27 1
4 12 16 21 26 27 3
4 12 16 21 26 27 11
4 12 16 21 26 27 15
4 12 16 21 26 32 1
4 12 16 21 26 32 3
4 12 16 21 26 32 11
4 12 16 21 26 32 15
4 12 16 21 26 33 1
4 12 16 21 26 33 3
4 12 16 21 26 33 11
4 12 16 21 26 33 15
4 12 16 21 32 33 1
4 12 16 21 32 33 3
4 12 16 21 32 33 11
4 12 16 21 32 33 15
4 12 20 21 22 27 1
4 12 20 21 22 27 3
4 12 20 21 22 27 11
4 12 20 21 22 27 15
4 12 20 21 22 32 1
4 12 20 21 22 32 3
4 12 20 21 22 32 11
4 12 20 21 22 32 15
4 12 20 21 22 33 1
4 12 20 21 22 33 3
4 12 20 21 22 33 11
4 12 20 21 22 33 15
4 12 20 21 26 27 1
4 12 20 21 26 27 3
4 12 20 21 26 27 11
4 12 20 21 26 27 15
4 12 20 21 26 32 1
4 12 20 21 26 32 3
4 12 20 21 26 32 11
4 12 20 21 26 32 15
4 12 20 21 26 33 1
4 12 20 21 26 33 3
4 12 20 21 26 33 11
4 12 20 21 26 33 15
4 12 20 21 32 33 1
4 12 20 21 32 33 3
4 12 20 21 32 33 11
4 12 20 21 32 33 15
4 17 20 21 22 27 1
4 17 20 21 22 27 3
4 17 20 21 22 27 11
4 17 20 21 22 27 15
4 17 20 21 22 32 1
4 17 20 21 22 32 3
4 17 20 21 22 32 11
4 17 20 21 22 32 15
4 17 20 21 22 33 1
4 17 20 21 22 33 3
4 17 20 21 22 33 11
4 17 20 21 22 33 15
4 17 20 21 26 27 1
4 17 20 21 26 27 3
4 17 20 21 26 27 11
4 17 20 21 26 27 15
4 17 20 21 26 32 1
4 17 20 21 26 32 3
4 17 20 21 26 32 11
4 17 20 21 26 32 15
4 17 20 21 26 33 1
4 17 20 21 26 33 3
4 17 20 21 26 33 11
4 17 20 21 26 33 15
4 17 20 21 32 33 1
4 17 20 21 32 33 3
4 17 20 21 32 33 11
4 17 20 21 32 33 15
6 10 13 15 22 27 1
6 10 13 15 22 27 3
6 10 13 15 22 27 11
6 10 13 15 22 27 15
6 10 13 15 22 32 1
6 10 13 15 22 32 3
6 10 13 15 22 32 11
6 10 13 15 22 32 15
6 10 13 15 22 33 1
6 10 13 15 22 33 3
6 10 13 15 22 33 11
6 10 13 15 22 33 15
6 10 13 15 26 27 1
6 10 13 15 26 27 3
6 10 13 15 26 27 11
6 10 13 15 26 27 15
6 10 13 15 26 32 1
6 10 13 15 26 32 3
6 10 13 15 26 32 11
6 10 13 15 26 32 15
6 10 13 15 26 33 1
6 10 13 15 26 33 3
6 10 13 15 26 33 11
6 10 13 15 26 33 15
6 10 13 15 32 33 1
6 10 13 15 32 33 3
6 10 13 15 32 33 11
6 10 13 15 32 33 15
6 10 13 19 22 27 1
6 10 13 19 22 27 3
6 10 13 19 22 27 11
6 10 13 19 22 27 15
6 10 13 19 22 32 1
6 10 13 19 22 32 3
6 10 13 19 22 32 11
6 10 13 19 22 32 15
6 10 13 19 22 33 1
6 10 13 19 22 33 3
6 10 13 19 22 33 11
6 10 13 19 22 33 15
6 10 13 19 26 27 1
6 10 13 19 26 27 3
6 10 13 19 26 27 11
6 10 13 19 26 27 15
6 10 13 19 26 32 1
6 10 13 19 26 32 3
6 10 13 19 26 32 11
6 10 13 19 26 32 15
6 10 13 19 26 33 1
6 10 13 19 26 33 3
6 10 13 19 26 33 11
6 10 13 19 26 33 15
6 10 13 19 32 33 1
6 10 13 19 32 33 3
6 10 13 19 32 33 11
6 10 13 19 32 33 15
6 10 13 21 22 27 1
6 10 13 21 22 27 3
6 10 13 21 22 27 11
6 10 13 21 22 27 15
6 10 13 21 22 32 1
6 10 13 21 22 32 3
6 10 13 21 22 32 11
6 10 13 21 22 32 15
6 10 13 21 22 33 1
6 10 13 21 22 33 3
6 10 13 21 22 33 11
6 10 13 21 22 33 15
6 10 13 21 26 27 1
6 10 13 21 26 27 3
6 10 13 21 26 27 11
6 10 13 21 26 27 15
6 10 13 21 26 32 1
6 10 13 21 26 32 3
6 10 13 21 26 32 11
6 10 13 21 26 32 15
6 10 13 21 26 33 1
6 10 13 21 26 33 3
6 10 13 21 26 33 11
6 10 13 21 26 33 15
6 10 13 21 32 33 1
6 10 13 21 32 33 3
6 10 13 21 32 33 11
6 10 13 21 32 33 15
6 10 16 19 22 27 1
6 10 16 19 22 27 3
6 10 16 19 22 27 11
6 10 16 19 22 27 15
6 10 16 19 22 32 1
6 10 16 19 22 32 3
6 10 16 19 22 32 11
6 10 16 19 22 32 15
6 10 16 19 22 33 1
6 10 16 19 22 33 3
6 10 16 19 22 33 11
6 10 16 19 22 33 15
6 10 16 19 26 27 1
6 10 16 19 26 27 3
6 10 16 19 26 27 11
6 10 16 19 26 27 15
6 10 16 19 26 32 1
6 10 16 19 26 32 3
6 10 16 19 26 32 11
6 10 16 19 26 32 15
6 10 16 19 26 33 1
6 10 16 19 26 33 3
6 10 16 19 26 33 11
6 10 16 19 26 33 15
6 10 16 19 32 33 1
6 10 16 19 32 33 3
6 10 16 19 32 33 11
6 10 16 19 32 33 15
6 10 16 21 22 27 1
6 10 16 21 22 27 3
6 10 16 21 22 27 11
6 10 16 21 22 27 15
6 10 16 21 22 32 1
6 10 16 21 22 32 3
6 10 16 21 22 32 11
6 10 16 21 22 32 15
6 10 16 21 22 33 1
6 10 16 21 22 33 3
6 10 16 21 22 33 11
6 10 16 21 22 33 15
6 10 16 21 26 27 1
6 10 16 21 26 27 3
6 10 16 21 26 27 11
6 10 16 21 26 27 15
6 10 16 21 26 32 1
6 10 16 21 26 32 3
6 10 16 21 26 32 11
6 10 16 21 26 32 15
6 10 16 21 26 33 1
6 10 16 21 26 33 3
6 10 16 21 26 33 11
6 10 16 21 26 33 15
6 10 16 21 32 33 1
6 10 16 21 32 33 3
6 10 16 21 32 33 11
6 10 16 21 32 33 15
6 10 20 21 22 27 1
6 10 20 21 22 27 3
6 10 20 21 22 27 11
6 10 20 21 22 27 15
6 10 20 21 22 32 1
6 10 20 21 22 32 3
6 10 20 21 22 32 11
6 10 20 21 22 32 15
6 10 20 21 22 33 1
6 10 20 21 22 33 3
6 10 20 21 22 33 11
6 10 20 21 22 33 15
6 10 20 21 26 27 1
6 10 20 21 26 27 3
6 10 20 21 26 27 11
6 10 20 21 26 27 15
6 10 20 21 26 32 1
6 10 20 21 26 32 3
6 10 20 21 26 32 11
6 10 20 21 26 32 15
6 10 20 21 26 33 1
6 10 20 21 26 33 3
6 10 20 21 26 33 11
6 10 20 21 26 33 15
6 10 20 21 32 33 1
6 10 20 21 32 33 3
6 10 20 21 32 33 11
6 10 20 21 32 33 15
6 12 13 15 22 27 1
6 12 13 15 22 27 3
6 12 13 15 22 27 11
6 12 13 15 22 27 15
6 12 13 15 22 32 1
6 12 13 15 22 32 3
6 12 13 15 22 32 11
6 12 13 15 22 32 15
6 12 13 15 22 33 1
6 12 13 15 22 33 3
6 12 13 15 22 33 11
6 12 13 15 22 33 15
6 12 13 15 26 27 1
6 12 13 15 26 27 3
6 12 13 15 26 27 11
6 12 13 15 26 27 15
6 12 13 15 26 32 1
6 12 13 15 26 32 3
6 12 13 15 26 32 11
6 12 13 15 26 32 15
6 12 13 15 26 33 1
6 12 13 15 26 33 3
6 12 13 15 26 33 11
6 12 13 15 26 33 15
6 12 13 15 32 33 1
6 12 13 15 32 33 3
6 12 13 15 32 33 11
6 12 13 15 32 33 15
6 12 13 19 22 27 1
6 12 13 19 22 27 3
6 12 13 19 22 27 11
6 12 13 19 22 27 15
6 12 13 19 22 32 1
6 12 13 19 22 32 3
6 12 13 19 22 32 11
6 12 13 19 22 32 15
6 12 13 19 22 33 1
6 12 13 19 22 33 3
6 12 13 19 22 33 11
6 12 13 19 22 33 15
6 12 13 19 26 27 1
6 12 13 19 26 27 3
6 12 13 19 26 27 11
6 12 13 19 26 27 15
6 12 13 19 26 32 1
6 12 13 19 26 32 3
6 12 13 19 26 32 11
6 12 13 19 26 32 15
6 12 13 19 26 33 1
6 12 13 19 26 33 3
6 12 13 19 26 33 11
6 12 13 19 26 33 15
6 12 13 19 32 33 1
6 12 13 19 32 33 3
6 12 13 19 32 33 11
6 12 13 19 32 33 15
6 12 13 21 22 27 1
6 12 13 21 22 27 3
6 12 13 21 22 27 11
6 12 13 21 22 27 15
6 12 13 21 22 32 1
6 12 13 21 22 32 3
6 12 13 21 22 32 11
6 12 13 21 22 32 15
6 12 13 21 22 33 1
6 12 13 21 22 33 3
6 12 13 21 22 33 11
6 12 13 21 22 33 15
6 12 13 21 26 27 1
6 12 13 21 26 27 3
6 12 13 21 26 27 11
6 12 13 21 26 27 15
6 12 13 21 26 32 1
6 12 13 21 26 32 3
6 12 13 21 26 32 11
6 12 13 21 26 32 15
6 12 13 21 26 33 1
6 12 13 21 26 33 3
6 12 13 21 26 33 11
6 12 13 21 26 33 15
6 12 13 21 32 33 1
6 12 13 21 32 33 3
6 12 13 21 32 33 11
6 12 13 21 32 33 15
6 12 16 19 22 27 1
6 12 16 19 22 27 3
6 12 16 19 22 27 11
6 12 16 19 22 27 15
6 12 16 19 22 32 1
6 12 16 19 22 32 3
6 12 16 19 22 32 11
6 12 16 19 22 32 15
6 12 16 19 22 33 1
6 12 16 19 22 33 3
6 12 16 19 22 33 11
6 12 16 19 22 33 15
6 12 16 19 26 27 1
6 12 16 19 26 27 3
6 12 16 19 26 27 11
6 12 16 19 26 27 15
6 12 16 19 26 32 1
6 12 16 19 26 32 3
6 12 16 19 26 32 11
6 12 16 19 26 32 15
6 12 16 19 26 33 1
6 12 16 19 26 33 3
6 12 16 19 26 33 11
6 12 16 19 26 33 15
6 12 16 19 32 33 1
6 12 16 19 32 33 3
6 12 16 19 32 33 11
6 12 16 19 32 33 15
6 12 16 21 22 27 1
6 12 16 21 22 27 3
6 12 16 21 22 27 11
6 12 16 21 22 27 15
6 12 16 21 22 32 1
6 12 16 21 22 32 3
6 12 16 21 22 32 11
6 12 16 21 22 32 15
6 12 16 21 22 33 1
6 12 16 21 22 33 3
6 12 16 21 22 33 11
6 12 16 21 22 33 15
6 12 16 21 26 27 1
6 12 16 21 26 27 3
6 12 16 21 26 27 11
6 12 16 21 26 27 15
6 12 16 21 26 32 1
6 12 16 21 26 32 3
6 12 16 21 26 32 11
6 12 16 21 26 32 15
6 12 16 21 26 33 1
6 12 16 21 26 33 3
6 12 16 21 26 33 11
6 12 16 21 26 33 15
6 12 16 21 32 33 1
6 12 16 21 32 33 3
6 12 16 21 32 33 11
6 12 16 21 32 33 15
6 12 20 21 22 27 1
6 12 20 21 22 27 3
6 12 20 21 22 27 11
6 12 20 21 22 27 15
6 12 20 21 22 32 1
6 12 20 21 22 32 3
6 12 20 21 22 32 11
6 12 20 21 22 32 15
6 12 20 21 22 33 1
6 12 20 21 22 33 3
6 12 20 21 22 33 11
6 12 20 21 22 33 15
6 12 20 21 26 27 1
6 12 20 21 26 27 3
6 12 20 21 26 27 11
6 12 20 21 26 27 15
6 12 20 21 26 32 1
6 12 20 21 26 32 3
6 12 20 21 26 32 11
6 12 20 21 26 32 15
6 12 20 21 26 33 1
6 12 20 21 26 33 3
6 12 20 21 26 33 11
6 12 20 21 26 33 15
6 12 20 21 32 33 1
6 12 20 21 32 33 3
6 12 20 21 32 33 11
6 12 20 21 32 33 15
6 17 20 21 22 27 1
6 17 20 21 22 27 3
6 17 20 21 22 27 11
6 17 20 21 22 27 15
6 17 20 21 22 32 1
6 17 20 21 22 32 3
6 17 20 21 22 32 11
6 17 20 21 22 32 15
6 17 20 21 22 33 1
6 17 20 21 22 33 3
6 17 20 21 22 33 11
6 17 20 21 22 33 15
6 17 20 21 26 27 1
6 17 20 21 26 27 3
6 17 20 21 26 27 11
6 17 20 21 26 27 15
6 17 20 21 26 32 1
6 17 20 21 26 32 3
6 17 20 21 26 32 11
6 17 20 21 26 32 15
6 17 20 21 26 33 1
6 17 20 21 26 33 3
6 17 20 21 26 33 11
6 17 20 21 26 33 15
6 17 20 21 32 33 1
6 17 20 21 32 33 3
6 17 20 21 32 33 11
6 17 20 21 32 33 15
8 10 13 15 22 27 1
8 10 13 15 22 27 3
8 10 13 15 22 27 11
8 10 13 15 22 27 15
8 10 13 15 22 32 1
8 10 13 15 22 32 3
8 10 13 15 22 32 11
8 10 13 15 22 32 15
8 10 13 15 22 33 1
8 10 13 15 22 33 3
8 10 13 15 22 33 11
8 10 13 15 22 33 15
8 10 13 15 26 27 1
8 10 13 15 26 27 3
8 10 13 15 26 27 11
8 10 13 15 26 27 15
8 10 13 15 26 32 1
8 10 13 15 26 32 3
8 10 13 15 26 32 11
8 10 13 15 26 32 15
8 10 13 15 26 33 1
8 10 13 15 26 33 3
8 10 13 15 26 33 11
8 10 13 15 26 33 15
8 10 13 15 32 33 1
8 10 13 15 32 33 3
8 10 13 15 32 33 11
8 10 13 15 32 33 15
8 10 13 19 22 27 1
8 10 13 19 22 27 3
8 10 13 19 22 27 11
8 10 13 19 22 27 15
8 10 13 19 22 32 1
8 10 13 19 22 32 3
8 10 13 19 22 32 11
8 10 13 19 22 32 15
8 10 13 19 22 33 1
8 10 13 19 22 33 3
8 10 13 19 22 33 11
8 10 13 19 22 33 15
8 10 13 19 26 27 1
8 10 13 19 26 27 3
8 10 13 19 26 27 11
8 10 13 19 26 27 15
8 10 13 19 26 32 1
8 10 13 19 26 32 3
8 10 13 19 26 32 11
8 10 13 19 26 32 15
8 10 13 19 26 33 1
8 10 13 19 26 33 3
8 10 13 19 26 33 11
8 10 13 19 26 33 15
8 10 13 19 32 33 1
8 10 13 19 32 33 3
8 10 13 19 32 33 11
8 10 13 19 32 33 15
8 10 13 21 22 27 1
8 10 13 21 22 27 3
8 10 13 21 22 27 11
8 10 13 21 22 27 15
8 10 13 21 22 32 1
8 10 13 21 22 32 3
8 10 13 21 22 32 11
8 10 13 21 22 32 15
8 10 13 21 22 33 1
8 10 13 21 22 33 3
8 10 13 21 22 33 11
8 10 13 21 22 33 15
8 10 13 21 26 27 1
8 10 13 21 26 27 3
8 10 13 21 26 27 11
8 10 13 21 26 27 15
8 10 13 21 26 32 1
8 10 13 21 26 32 3
8 10 13 21 26 32 11
8 10 13 21 26 32 15
8 10 13 21 26 33 1
8 10 13 21 26 33 3
8 10 13 21 26 33 11
8 10 13 21 26 33 15
8 10 13 21 32 33 1
8 10 13 21 32 33 3
8 10 13 21 32 33 11
8 10 13 21 32 33 15
8 10 16 19 22 27 1
8 10 16 19 22 27 3
8 10 16 19 22 27 11
8 10 16 19 22 27 15
8 10 16 19 22 32 1
8 10 16 19 22 32 3
8 10 16 19 22 32 11
8 10 16 19 22 32 15
8 10 16 19 22 33 1
8 10 16 19 22 33 3
8 10 16 19 22 33 11
8 10 16 19 22 33 15
8 10 16 19 26 27 1
8 10 16 19 26 27 3
8 10 16 19 26 27 11
8 10 16 19 26 27 15
8 10 16 19 26 32 1
8 10 16 19 26 32 3
8 10 16 19 26 32 11
8 10 16 19 26 32 15
8 10 16 19 26 33 1
8 10 16 19 26 33 3
8 10 16 19 26 33 11
8 10 16 19 26 33 15
8 10 16 19 32 33 1
8 10 16 19 32 33 3
8 10 16 19 32 33 11
8 10 16 19 32 33 15
8 10 16 21 22 27 1
8 10 16 21 22 27 3
8 10 16 21 22 27 11
8 10 16 21 22 27 15
8 10 16 21 22 32 1
8 10 16 21 22 32 3
8 10 16 21 22 32 11
8 10 16 21 22 32 15
8 10 16 21 22 33 1
8 10 16 21 22 33 3
8 10 16 21 22 33 11
8 10 16 21 22 33 15
8 10 16 21 26 27 1
8 10 16 21 26 27 3
8 10 16 21 26 27 11
8 10 16 21 26 27 15
8 10 16 21 26 32 1
8 10 16 21 26 32 3
8 10 16 21 26 32 11
8 10 16 21 26 32 15
8 10 16 21 26 33 1
8 10 16 21 26 33 3
8 10 16 21 26 33 11
8 10 16 21 26 33 15
8 10 16 21 32 33 1
8 10 16 21 32 33 3
8 10 16 21 32 33 11
8 10 16 21 32 33 15
8 10 20 21 22 27 1
8 10 20 21 22 27 3
8 10 20 21 22 27 11
8 10 20 21 22 27 15
8 10 20 21 22 32 1
8 10 20 21 22 32 3
8 10 20 21 22 32 11
8 10 20 21 22 32 15
8 10 20 21 22 33 1
8 10 20 21 22 33 3
8 10 20 21 22 33 11
8 10 20 21 22 33 15
8 10 20 21 26 27 1
8 10 20 21 26 27 3
8 10 20 21 26 27 11
8 10 20 21 26 27 15
8 10 20 21 26 32 1
8 10 20 21 26 32 3
8 10 20 21 26 32 11
8 10 20 21 26 32 15
8 10 20 21 26 33 1
8 10 20 21 26 33 3
8 10 20 21 26 33 11
8 10 20 21 26 33 15
8 10 20 21 32 33 1
8 10 20 21 32 33 3
8 10 20 21 32 33 11
8 10 20 21 32 33 15
8 12 13 15 22 27 1
8 12 13 15 22 27 3
8 12 13 15 22 27 11
8 12 13 15 22 27 15
8 12 13 15 22 32 1
8 12 13 15 22 32 3
8 12 13 15 22 32 11
8 12 13 15 22 32 15
8 12 13 15 22 33 1
8 12 13 15 22 33 3
8 12 13 15 22 33 11
8 12 13 15 22 33 15
8 12 13 15 26 27 1
8 12 13 15 26 27 3
8 12 13 15 26 27 11
8 12 13 15 26 27 15
8 12 13 15 26 32 1
8 12 13 15 26 32 3
8 12 13 15 26 32 11
8 12 13 15 26 32 15
8 12 13 15 26 33 1
8 12 13 15 26 33 3
8 12 13 15 26 33 11
8 12 13 15 26 33 15
8 12 13 15 32 33 1
8 12 13 15 32 33 3
8 12 13 15 32 33 11
8 12 13 15 32 33 15
8 12 13 19 22 27 1
8 12 13 19 22 27 3
8 12 13 19 22 27 11
8 12 13 19 22 27 15
8 12 13 19 22 32 1
8 12 13 19 22 32 3
8 12 13 19 22 32 11
8 12 13 19 22 32 15
8 12 13 19 22 33 1
8 12 13 19 22 33 3
8 12 13 19 22 33 11
8 12 13 19 22 33 15
8 12 13 19 26 27 1
8 12 13 19 26 27 3
8 12 13 19 26 27 11
8 12 13 19 26 27 15
8 12 13 19 26 32 1
8 12 13 19 26 32 3
8 12 13 19 26 32 11
8 12 13 19 26 32 15
8 12 13 19 26 33 1
8 12 13 19 26 33 3
8 12 13 19 26 33 11
8 12 13 19 26 33 15
8 12 13 19 32 33 1
8 12 13 19 32 33 3
8 12 13 19 32 33 11
8 12 13 19 32 33 15
8 12 13 21 22 27 1
8 12 13 21 22 27 3
8 12 13 21 22 27 11
8 12 13 21 22 27 15
8 12 13 21 22 32 1
8 12 13 21 22 32 3
8 12 13 21 22 32 11
8 12 13 21 22 32 15
8 12 13 21 22 33 1
8 12 13 21 22 33 3
8 12 13 21 22 33 11
8 12 13 21 22 33 15
8 12 13 21 26 27 1
8 12 13 21 26 27 3
8 12 13 21 26 27 11
8 12 13 21 26 27 15
8 12 13 21 26 32 1
8 12 13 21 26 32 3
8 12 13 21 26 32 11
8 12 13 21 26 32 15
8 12 13 21 26 33 1
8 12 13 21 26 33 3
8 12 13 21 26 33 11
8 12 13 21 26 33 15
8 12 13 21 32 33 1
8 12 13 21 32 33 3
8 12 13 21 32 33 11
8 12 13 21 32 33 15
8 12 16 19 22 27 1
8 12 16 19 22 27 3
8 12 16 19 22 27 11
8 12 16 19 22 27 15
8 12 16 19 22 32 1
8 12 16 19 22 32 3
8 12 16 19 22 32 11
8 12 16 19 22 32 15
8 12 16 19 22 33 1
8 12 16 19 22 33 3
8 12 16 19 22 33 11
8 12 16 19 22 33 15
8 12 16 19 26 27 1
8 12 16 19 26 27 3
8 12 16 19 26 27 11
8 12 16 19 26 27 15
8 12 16 19 26 32 1
8 12 16 19 26 32 3
8 12 16 19 26 32 11
8 12 16 19 26 32 15
8 12 16 19 26 33 1
8 12 16 19 26 33 3
8 12 16 19 26 33 11
8 12 16 19 26 33 15
8 12 16 19 32 33 1
8 12 16 19 32 33 3
8 12 16 19 32 33 11
8 12 16 19 32 33 15
8 12 16 21 22 27 1
8 12 16 21 22 27 3
8 12 16 21 22 27 11
8 12 16 21 22 27 15
8 12 16 21 22 32 1
8 12 16 21 22 32 3
8 12 16 21 22 32 11
8 12 16 21 22 32 15
8 12 16 21 22 33 1
8 12 16 21 22 33 3
8 12 16 21 22 33 11
8 12 16 21 22 33 15
8 12 16 21 26 27 1
8 12 16 21 26 27 3
8 12 16 21 26 27 11
8 12 16 21 26 27 15
8 12 16 21 26 32 1
8 12 16 21 26 32 3
8 12 16 21 26 32 11
8 12 16 21 26 32 15
8 12 16 21 26 33 1
8 12 16 21 26 33 3
8 12 16 21 26 33 11
8 12 16 21 26 33 15
8 12 16 21 32 33 1
8 12 16 21 32 33 3
8 12 16 21 32 33 11
8 12 16 21 32 33 15
8 12 20 21 22 27 1
8 12 20 21 22 27 3
8 12 20 21 22 27 11
8 12 20 21 22 27 15
8 12 20 21 22 32 1
8 12 20 21 22 32 3
8 12 20 21 22 32 11
8 12 20 21 22 32 15
8 12 20 21 22 33 1
8 12 20 21 22 33 3
8 12 20 21 22 33 11
8 12 20 21 22 33 15
8 12 20 21 26 27 1
8 12 20 21 26 27 3
8 12 20 21 26 27 11
8 12 20 21 26 27 15
8 12 20 21 26 32 1
8 12 20 21 26 32 3
8 12 20 21 26 32 11
8 12 20 21 26 32 15
8 12 20 21 26 33 1
8 12 20 21 26 33 3
8 12 20 21 26 33 11
8 12 20 21 26 33 15
8 12 20 21 32 33 1
8 12 20 21 32 33 3
8 12 20 21 32 33 11
8 12 20 21 32 33 15
8 17 20 21 22 27 1
8 17 20 21 22 27 3
8 17 20 21 22 27 11
8 17 20 21 22 27 15
8 17 20 21 22 32 1
8 17 20 21 22 32 3
8 17 20 21 22 32 11
8 17 20 21 22 32 15
8 17 20 21 22 33 1
8 17 20 21 22 33 3
8 17 20 21 22 33 11
8 17 20 21 22 33 15
8 17 20 21 26 27 1
8 17 20 21 26 27 3
8 17 20 21 26 27 11
8 17 20 21 26 27 15
8 17 20 21 26 32 1
8 17 20 21 26 32 3
8 17 20 21 26 32 11
8 17 20 21 26 32 15
8 17 20 21 26 33 1
8 17 20 21 26 33 3
8 17 20 21 26 33 11
8 17 20 21 26 33 15
8 17 20 21 32 33 1
8 17 20 21 32 33 3
8 17 20 21 32 33 11
8 17 20 21 32 33 15
13 17 20 21 22 27 1
13 17 20 21 22 27 3
13 17 20 21 22 27 11
13 17 20 21 22 27 15
13 17 20 21 22 32 1
13 17 20 21 22 32 3
13 17 20 21 22 32 11
13 17 20 21 22 32 15
13 17 20 21 22 33 1
13 17 20 21 22 33 3
13 17 20 21 22 33 11
13 17 20 21 22 33 15
13 17 20 21 26 27 1
13 17 20 21 26 27 3
13 17 20 21 26 27 11
13 17 20 21 26 27 15
13 17 20 21 26 32 1
13 17 20 21 26 32 3
13 17 20 21 26 32 11
13 17 20 21 26 32 15
13 17 20 21 26 33 1
13 17 20 21 26 33 3
13 17 20 21 26 33 11
13 17 20 21 26 33 15
13 17 20 21 32 33 1
13 17 20 21 32 33 3
13 17 20 21 32 33 11
13 17 20 21 32 33 15
